0 0.126827 0.566462 0.118551 0.403619
0 0.334719 0.690024 0.262653 0.508387
0 0.976903 0.805609 0.704674 0.589833
0 0.811447 0.786081 0.590502 0.598578
0 0.457369 0.726062 0.357433 0.541377
0 0.523455 0.658206 0.379788 0.475778
0 0.533334 0.628644 0.394969 0.457107
0 0.866271 0.544176 0.600487 0.387233
0 0.813350 0.718340 0.595852 0.554810
0 0.786867 0.966447 0.594116 0.723123
0 0.805323 0.487258 0.565670 0.354063
0 0.741397 0.539092 0.529561 0.383318
0 0.943270 0.530330 0.664585 0.394804
0 0.964217 0.726949 0.683703 0.518581
