0 1.000809 0.349446 0.689919 0.265036
0 0.258674 1.001523 0.248421 0.725230
0 0.860177 0.394463 0.601751 0.295656
0 0.939871 1.164648 0.748417 0.878477
0 0.616353 0.686821 0.476503 0.545540
0 0.675039 0.782996 0.516922 0.582396
0 0.437900 0.510129 0.328880 0.377543
0 0.605476 0.579801 0.447320 0.413634
0 0.319801 0.631426 0.276989 0.483113
0 0.883434 0.667230 0.634206 0.486734
0 0.803819 0.534561 0.569379 0.385749
0 0.739305 0.941410 0.574867 0.697578
0 0.270876 1.132431 0.281093 0.822493
0 0.274610 1.229504 0.303380 0.961027
