0 0.734965 0.977661 0.543613 0.724418
0 1.225144 0.837837 0.863135 0.607891
0 1.271490 0.900931 0.897702 0.640289
0 0.482598 0.666126 0.346990 0.465078
0 1.305439 0.933696 0.911716 0.662604
0 0.034798 0.972545 0.072432 0.693698
0 0.535402 0.640924 0.386535 0.450011
0 0.396643 0.743894 0.320026 0.558612
0 1.153789 0.675295 0.799937 0.488189
0 1.328027 0.729488 0.919622 0.527403
0 1.082317 0.837922 0.769731 0.614615
0 0.854663 0.672983 0.591035 0.467555
0 0.895051 0.791481 0.634491 0.557207
0 0.852466 0.612076 0.588081 0.438634
