0 0.827789 0.27461 0.0387222 0.0791593
0 0.118264 0.370494 0.0505943 0.0397252
0 0.696292 0.50764 0.0692314 0.100756
0 0.790515 0.635555 0.0942658 0.100051
0 0.14975 0.347625 0.0497248 0.0470423
0 0.422318 0.421259 0.0503101 0.050137
0 0.571758 0.536808 0.0730764 0.0589646
0 0.532881 0.642909 0.0957756 0.128324
0 0.466228 0.354809 0.0429023 0.0385669
0 0.240478 0.530107 0.0684179 0.0832953
0 0.707116 0.395666 0.0412689 0.0491863
0 0.486103 0.434566 0.0812376 0.104136
0 0.567405 0.274765 0.037904 0.0573401
