0 0.887354 0.0268773 0.0352392 0.052189
0 0.703508 0.307502 0.17403 0.241311
0 0.950805 0.0589729 0.0556022 0.0534234
0 0.429508 0.386644 0.14886 0.175489
0 0.857941 0.305881 0.0989728 0.0735509
0 0.544718 0.318861 0.0447801 0.0805203
0 0.161878 0.418296 0.125783 0.113811
0 0.250394 0.137895 0.0695538 0.11245
0 0.493481 0.33399 0.0760976 0.113105
0 0.787329 0.0973612 0.0875989 0.0901864
0 0.949008 0.0910971 0.052055 0.0652339
0 0.582257 0.233847 0.0962743 0.140672
0 0.761118 0.203522 0.0874699 0.114592
