0 0.994003 0.465602 0.724609 0.399315
0 1.116618 0.288278 0.772944 0.221902
0 0.019252 0.612272 0.042701 0.473569
0 0.331686 0.481925 0.293260 0.397482
0 0.444598 0.455723 0.318832 0.340766
0 1.073564 0.016461 0.736378 0.036029
0 0.304498 0.245500 0.240523 0.201301
0 0.032451 0.768511 0.070967 0.588319
0 0.308049 0.521799 0.254089 0.405892
0 0.263026 0.291195 0.213215 0.252956
0 0.983524 0.190928 0.683124 0.171521
0 0.353221 0.204964 0.272676 0.169770
0 1.133736 0.011176 0.776051 0.025030
0 0.908922 0.033261 0.627794 0.048926
0 1.044498 0.156133 0.724648 0.137687
