0 1.044602 0.517044 0.732631 0.390132
0 0.836648 0.589916 0.588781 0.420284
0 0.710185 0.485618 0.500507 0.351659
0 0.831883 0.689667 0.591474 0.503415
0 1.051530 0.601274 0.731548 0.439897
0 0.651179 0.560975 0.457608 0.403979
0 0.529496 0.686837 0.399567 0.523183
0 0.598789 0.493029 0.423031 0.354415
0 0.491371 0.611584 0.365347 0.458817
0 0.938761 0.561879 0.652496 0.404241
0 0.824222 0.665239 0.590624 0.502440
0 0.907117 0.900572 0.665675 0.652638
0 0.822667 0.647069 0.586802 0.465067
0 0.856190 0.489516 0.599756 0.367027
