0 0.784325 0.0838284 0.0310111 0.0341755
0 0.709731 0.131109 0.0453317 0.0706053
0 0.665874 0.248183 0.051856 0.0421448
0 0.828257 0.574739 0.146899 0.171321
0 0.878302 0.792704 0.188356 0.161393
0 0.605029 0.745688 0.164005 0.141337
0 0.643735 0.356916 0.0757031 0.0687728
0 0.207681 0.644004 0.153566 0.141195
0 0.698603 0.0190692 0.0280838 0.0208023
0 0.65726 0.278425 0.0512711 0.0490078
0 0.695578 0.169029 0.0350223 0.0532351
0 0.834943 0.0846005 0.026112 0.0284555
0 0.661634 0.266897 0.0584391 0.0766578
