0 0.672884 0.240982 0.0340691 0.0481068
0 0.191443 0.682069 0.113958 0.0863219
0 0.580526 0.271146 0.0424501 0.0490201
0 0.65704 0.801943 0.182755 0.153068
0 0.427302 0.479796 0.0984004 0.131489
0 0.46675 0.537097 0.100344 0.0905974
0 0.30117 0.34945 0.0554202 0.0561854
0 0.414568 0.393309 0.0655032 0.0406498
0 0.229148 0.436491 0.0956826 0.0932443
0 0.600268 0.455298 0.0678756 0.0628707
0 0.544254 0.363718 0.0502499 0.0440619
0 0.513369 0.6451 0.122995 0.104957
0 0.205711 0.771839 0.150764 0.101309
0 0.21315 0.855009 0.180461 0.212036
