0 0.503385 0.669935 0.0804543 0.108965
0 0.828355 0.570891 0.0695585 0.0739996
0 0.860171 0.610538 0.0750629 0.0595034
0 0.328047 0.449333 0.0378869 0.0314903
0 0.880648 0.632499 0.0621358 0.0602089
0 0.0355073 0.659697 0.0738497 0.068002
0 0.364335 0.432965 0.0444014 0.0340918
0 0.278328 0.5116 0.0833957 0.0940241
0 0.776878 0.459694 0.0461168 0.0569886
0 0.893919 0.496595 0.0514053 0.0616159
0 0.733591 0.572615 0.0722803 0.0840008
0 0.575091 0.45338 0.0318894 0.0283505
0 0.606149 0.535042 0.0566853 0.0443287
0 0.573253 0.415696 0.0296561 0.0458745
