0 0.741292 0.188195 0.0423546 0.0551873
0 0.962193 0.511883 0.0853702 0.0943062
0 0.360207 0.188029 0.0525177 0.068748
0 0.424691 0.289149 0.0801482 0.126843
0 0.0804985 0.678361 0.139877 0.126677
0 0.539931 0.0741201 0.0385735 0.0425315
0 0.559073 0.0323106 0.0494716 0.0730442
0 0.673777 0.136952 0.0477653 0.0490867
0 0.330387 0.123649 0.050119 0.0756833
0 0.176437 0.278376 0.155038 0.190915
0 0.74661 0.0598326 0.0423841 0.0320114
0 0.480383 0.201989 0.0622416 0.0994819
0 0.551429 0.0479163 0.0465033 0.0526129
0 0.532193 0.540397 0.113764 0.114911
0 0.669912 0.206162 0.0422479 0.0428996
