0 0.678154 0.33263 0.0929109 0.13337
0 0.751545 0.199615 0.0427982 0.0445744
0 0.0203011 0.424528 0.0447998 0.098082
0 0.239158 0.340333 0.108203 0.114298
0 0.302007 0.313053 0.0336506 0.0554265
0 0.720877 0.0172377 0.0310029 0.0375827
0 0.21238 0.173075 0.0562857 0.0564515
0 0.0339674 0.531335 0.073999 0.113967
0 0.217546 0.362373 0.0730841 0.0870391
0 0.184817 0.208836 0.0567959 0.088239
0 0.662543 0.138344 0.0411617 0.0663527
0 0.24478 0.144924 0.0557927 0.0496907
0 0.760881 0.0118456 0.0303404 0.0263696
0 0.611409 0.0288621 0.0327688 0.0401273
0 0.703411 0.112488 0.0424749 0.0503974
