0 0.705459 0.356055 0.0543441 0.0681532
0 0.565519 0.400029 0.0465245 0.0405099
0 0.480219 0.330724 0.0405752 0.0418711
0 0.56381 0.470687 0.055328 0.0654552
0 0.708652 0.410611 0.0457921 0.0585709
0 0.439992 0.381482 0.0352326 0.044993
0 0.36464 0.474214 0.0698549 0.0979382
0 0.405152 0.335118 0.0357571 0.0385929
0 0.337022 0.420496 0.0566499 0.0766417
0 0.632505 0.382 0.0399829 0.0444825
0 0.559767 0.458229 0.0617141 0.0884216
0 0.619977 0.613446 0.0913951 0.0783851
0 0.558034 0.439801 0.0575366 0.0505314
0 0.578034 0.336515 0.0434437 0.0610244
