0 0.710822 0.0648967 0.0433451 0.0411407
0 0.369722 0.837335 0.350307 0.31118
0 0.720291 0.0438004 0.0406536 0.0467387
0 0.657706 0.401677 0.13659 0.133684
0 0.778231 0.0789702 0.0458066 0.0668484
0 0.356461 0.331086 0.116077 0.145852
0 0.605927 0.18463 0.0715126 0.0586934
0 0.187207 0.491603 0.191151 0.199896
0 0.397622 0.185909 0.074793 0.0576982
0 0.371989 0.214017 0.0568635 0.0731284
0 0.292686 0.294472 0.0856444 0.0964602
0 0.709016 0.12478 0.055541 0.0845592
0 0.66365 0.33517 0.103198 0.0958707
