0 0.722907 0.230465 0.0606776 0.0696215
0 0.500555 0.67287 0.141926 0.167263
0 0.740212 0.768498 0.160078 0.176278
0 0.504182 0.361417 0.0580694 0.0835575
0 0.485829 0.47239 0.0969936 0.142216
0 0.472725 0.57503 0.120764 0.176501
0 0.437661 0.402955 0.0915132 0.0915354
0 0.58046 0.452021 0.0809003 0.0937104
0 0.664978 0.308279 0.0562991 0.0637096
0 0.522186 0.180693 0.0435816 0.0636462
0 0.613655 0.513382 0.121171 0.151579
0 0.521344 0.329296 0.0697706 0.100619
0 0.626003 0.268525 0.0423143 0.0404528
0 0.578458 0.272287 0.0593771 0.0782191
0 0.637994 0.323964 0.0812609 0.0675671
